-1.0165298887e-08	15142034.3482
-1.00922407633e-08	46315804.4979
-1.00191826397e-08	90202039.6427
-9.94612451612e-09	162918023.801
-9.87306639251e-09	176383313.103
-9.80000826889e-09	176041120.236
-9.72695014528e-09	182354578.625
-9.65389202166e-09	179120856.036
-9.58083389805e-09	178795772.812
-9.50777577443e-09	182012385.759
-9.43471765082e-09	180352750.355
-9.3616595272e-09	181105574.662
-9.28860140359e-09	183791788.665
-9.21554327997e-09	183500924.728
-9.14248515636e-09	182628332.919
-9.06942703274e-09	183928665.812
-8.99636890913e-09	185502752.998
-8.92331078552e-09	187059730.541
-8.8502526619e-09	190772523.144
-8.77719453829e-09	190858071.361
-8.70413641467e-09	188394282.721
-8.63107829106e-09	194074684.307
-8.55802016744e-09	194211561.454
-8.48496204383e-09	196504253.66
-8.41190392021e-09	196162060.794
-8.3388457966e-09	191953088.534
-8.26578767298e-09	199737976.25
-8.19272954937e-09	198523191.573
-8.11967142575e-09	199857743.753
-8.04661330214e-09	200199936.62
-7.97355517852e-09	200199936.62
-7.90049705491e-09	200131498.046
-7.8274389313e-09	205777680.346
-7.75438080768e-09	206598943.226
-7.68132268407e-09	207711070.042
-7.60826456045e-09	204990636.753
-7.53520643684e-09	208378346.132
-7.46214831322e-09	208840306.502
-7.38909018961e-09	212809743.755
-7.31603206599e-09	209695788.669
-7.24297394238e-09	211098779.422
-7.16991581876e-09	214486488.801
-7.09685769515e-09	213579677.705
-7.02379957153e-09	215033997.388
-6.95074144792e-09	216317220.638
-6.87768332431e-09	214657585.235
-6.80462520069e-09	218490145.341
-6.73156707708e-09	219174531.074
-6.65850895346e-09	223400612.977
-6.58545082985e-09	224820713.374
-6.51239270623e-09	226548787.35
-6.43933458262e-09	227301611.657
-6.366276459e-09	231219719.979
-6.29321833539e-09	233392644.683
-6.22016021177e-09	239500787.352
-6.14710208816e-09	227695133.453
-6.07404396454e-09	214161405.578
-6.00098584093e-09	211988480.875
-5.92792771731e-09	204049606.369
-5.8548695937e-09	196641130.807
-5.78181147009e-09	186563550.885
-5.70875334647e-09	181430657.885
-5.63569522286e-09	171370187.607
-5.56263709924e-09	161549252.334
-5.48957897563e-09	148751239.123
-5.41652085201e-09	144662034.366
-5.3434627284e-09	134601564.088
-5.27040460478e-09	125670330.269
-5.19734648117e-09	119168665.803
-5.12428835755e-09	109416169.104
-5.05123023394e-09	98671313.0917
-4.97817211032e-09	87396058.1364
-4.90511398671e-09	79422964.344
-4.8320558631e-09	69721796.5751
-4.75899773948e-09	61902689.5727
-4.68593961587e-09	51961986.7972
-4.61288149225e-09	42671450.4683
-4.53982336864e-09	33894203.4393
-4.46676524502e-09	22807154.5607
-4.39370712141e-09	8965453.10561
